   1.4350000e-01   0.0000000e+00
   1.6500000e-01   0.0000000e+00
   1.8900000e-01   0.0000000e+00
   2.1750000e-01   0.0000000e+00
   2.4950000e-01   0.0000000e+00
   2.8650000e-01   0.0000000e+00
   3.2900000e-01   0.0000000e+00
   3.7750000e-01   0.0000000e+00
   4.3350000e-01   0.0000000e+00
   4.9800000e-01   0.0000000e+00
   5.7000000e-01   0.0000000e+00
   6.5500000e-01   0.0000000e+00
   7.5500000e-01   0.0000000e+00
   8.6500000e-01   0.0000000e+00
   9.9500000e-01   0.0000000e+00
   1.1400000e+00   3.1300000e-05
   1.3100000e+00   6.1900000e-05
   1.5050000e+00   6.8000000e-05
   1.7300000e+00   1.7919700e-04
   1.9850000e+00   4.3299300e-04
   2.2800000e+00   1.1624950e-03
   2.6150000e+00   2.9860670e-03
   3.0050000e+00   8.5396760e-03
   3.4500000e+00   3.2672345e-02
   3.9600000e+00   1.5707471e-01
   4.5500000e+00   3.5696554e-01
   5.2200000e+00   4.2384992e-01
   5.9950000e+00   2.4595181e-01
   6.8850000e+00   7.2625457e-02
   7.9050000e+00   1.3238219e-02
   9.0800000e+00   2.9641510e-03
   1.0425000e+01   8.6756300e-04
   1.1970000e+01   4.7834100e-04
   1.3745000e+01   3.1521200e-04
   1.5780000e+01   2.4481800e-04
   1.8120000e+01   1.8386100e-04
   2.0805000e+01   1.2340000e-04
   2.3890000e+01   7.5000000e-05
   2.7430000e+01   4.2300000e-05
   3.1500000e+01   2.2500000e-05
   3.6165000e+01   1.1500000e-05
   4.1530000e+01   5.5600000e-06
   4.7685000e+01   2.6200000e-06
   5.4755000e+01   1.4100000e-07
