   2.7100000e-01   2.6220648e-01
   2.9150000e-01   6.4559751e-01
   3.1300000e-01   1.3003094e+00
   3.3650000e-01   1.9351853e+00
   3.6150000e-01   2.2703094e+00
   3.8850000e-01   2.3287631e+00
   4.1750000e-01   2.2681729e+00
   4.4900000e-01   2.1764707e+00
   4.8250000e-01   2.1228626e+00
   5.1850000e-01   2.0140125e+00
   5.5700000e-01   1.7834375e+00
   5.9850000e-01   1.5828992e+00
   6.4300000e-01   1.2659926e+00
   6.9100000e-01   1.0305958e+00
   7.4300000e-01   8.4774863e-01
   7.9800000e-01   6.5524949e-01
   8.5750000e-01   5.8607838e-01
   9.2150000e-01   3.7642016e-01
   9.9050000e-01   2.1662909e-01
   1.0645000e+00   1.4584932e-01
   1.1440000e+00   1.1582136e-01
   1.2290000e+00   6.1127937e-02
   1.3210000e+00   4.8258912e-02
   1.4195000e+00   3.9143295e-02
   1.5255000e+00   2.9491596e-02
   1.6390000e+00   2.0912200e-02
   1.7615000e+00   1.7694874e-02
   1.8930000e+00   8.0431470e-03
   2.0340000e+00   1.1260417e-02
   2.1855000e+00   5.8983190e-03
   2.3490000e+00   4.8258910e-03
   2.5240000e+00   2.1448420e-03
   2.7125000e+00   5.3621000e-04
   2.9145000e+00   5.3621000e-04
   3.1320000e+00   2.1448420e-03
   3.3660000e+00   0.0000000e+00
   3.6170000e+00   1.0724210e-03
   3.8870000e+00   0.0000000e+00
   4.1770000e+00   0.0000000e+00
   4.4885000e+00   0.0000000e+00
   4.8235000e+00   0.0000000e+00
   5.1850000e+00   5.3621000e-04
   5.5700000e+00   0.0000000e+00
   5.9850000e+00   5.3621000e-04
   6.4300000e+00   0.0000000e+00
   6.9100000e+00   0.0000000e+00
   7.4300000e+00   0.0000000e+00
   7.9800000e+00   0.0000000e+00
   8.5750000e+00   0.0000000e+00
   9.2150000e+00   0.0000000e+00
   9.9050000e+00   0.0000000e+00
